lecture val:       01100001 1 001100010 0001100011 001 10001100100 0 100001100101 11100 01100110
condensed:         01100001100110001000011000110011000110010001000011001011110001100110
		   01100001 10011000 10000110 00110011 00011001 00010000 11001011 11000110 0110

len + encoding: 11101100001100110001000011000110011000110010001000011001011110001100110
byte intervals:	11101100 00110011 00010000 11000110 01100011 00100010 00011001 01111000 1100110
with zero pad:  11101100 00110011 00010000 11000110 01100011 00100010 00011001 01111000 11001100

Byte 1 11101100
Byte 2 00110011
Byte 3 00010000
Byte 4 11000110
Byte 5 01100011
Byte 6 00100010
Byte 7 00011001
Byte 8 01111000
Byte 8 11001100

aabccdaef: 9 char (9 bytes, 72 bits)
